MF12 third-order directional wave-group initialization
Generated: 12-Mar-2026 15:29:46
Akp=0.0200, Alpha=8.0, kp=0.02790, kd=1.00, h=35.8423
Tp=13.761997 s, t_init=-206.429956 s, phase shift=0 deg
Heading=0 deg, spreading sigma=5 deg
Components=200, energy keep frac=0.99500
k-range=[0.015810, 0.040014] 1/m
Grid: Nx=1024, Ny=256, dx=6.597767 m, dy=17.594045 m
Model: MF12 spectral coefficients/order-3, single directional wave group
